Motion-Aware ArUco Detection — Step 1 & 2
Packets: 16 | packetDt: 10000 us
-----------------------------------------------------------
Packet  Events  Quads  MotionVectors
-----------------------------------------------------------
     1    7119      0  
     2    5794      0  
     3   12682      0  
     4   15459      1  (3.8,-0.1) 
     5   26754      0  
     6   21394      0  
     7   19576      0  
     8   41890      0  
     9   57592      0  
    10   52035      0  
    11   29263      0  
    12   34884      0  
    13   49679      0  
    14   39410      0  
    15   33596      0  
    16   52873      0  
-----------------------------------------------------------
Total quads  : 1
Elapsed time : 79.7 s
