OpenCV-Style ArUco Detection Log
Total events: 15018131  |  Packets: 1529  |  packetDt: 10000 us
----------------------------------------------------------------------
Packet  Events  Conts  Quads   Det  MarkerIDs
----------------------------------------------------------------------
     1     269   1360      0     0  
     2     136    824      0     0  
     3      54    400      0     0  
     4      38    280      0     0  
     5     169    616      0     0  
     6     601    904      0     0  
     7     975    968      0     0  
     8    1305   1400      0     0  
     9    1571   1632      0     0  
    10    1827   1744      0     0  
    11    1926   1812      0     0  
    12    2317   1808      0     0  
    13    2401   2088      0     0  
    14    2873   2456      0     0  
    15    3274   2472      0     0  
    16    3452   2368      0     0  
    17    3981   2672      0     0  
    18    4079   2888      0     0  
